1.000000000000000000e+00 -0.000000000000000000e+00 0.000000000000000000e+00 -8.000000000000000000e+00 0.000000000000000000e+00 1.000000000000000000e+00 0.000000000000000000e+00 5.000000000000000000e+00 0.000000000000000000e+00 0.000000000000000000e+00 1.000000000000000000e+00 0.000000000000000000e+00
1.000000000000000000e+00 -0.000000000000000000e+00 0.000000000000000000e+00 -8.000000000000000000e+00 0.000000000000000000e+00 1.000000000000000000e+00 0.000000000000000000e+00 4.550000190734863281e+00 0.000000000000000000e+00 0.000000000000000000e+00 1.000000000000000000e+00 0.000000000000000000e+00
1.000000000000000000e+00 -0.000000000000000000e+00 0.000000000000000000e+00 -8.000000000000000000e+00 0.000000000000000000e+00 1.000000000000000000e+00 0.000000000000000000e+00 4.099999904632568359e+00 0.000000000000000000e+00 0.000000000000000000e+00 1.000000000000000000e+00 0.000000000000000000e+00
1.000000000000000000e+00 -0.000000000000000000e+00 0.000000000000000000e+00 -8.000000000000000000e+00 0.000000000000000000e+00 1.000000000000000000e+00 0.000000000000000000e+00 3.650000095367431641e+00 0.000000000000000000e+00 0.000000000000000000e+00 1.000000000000000000e+00 0.000000000000000000e+00
1.000000000000000000e+00 -0.000000000000000000e+00 0.000000000000000000e+00 -8.000000000000000000e+00 0.000000000000000000e+00 1.000000000000000000e+00 0.000000000000000000e+00 3.200000047683715820e+00 0.000000000000000000e+00 0.000000000000000000e+00 1.000000000000000000e+00 0.000000000000000000e+00
1.000000000000000000e+00 -0.000000000000000000e+00 0.000000000000000000e+00 -8.000000000000000000e+00 0.000000000000000000e+00 1.000000000000000000e+00 0.000000000000000000e+00 2.750000000000000000e+00 0.000000000000000000e+00 0.000000000000000000e+00 1.000000000000000000e+00 0.000000000000000000e+00
1.000000000000000000e+00 -0.000000000000000000e+00 0.000000000000000000e+00 -8.000000000000000000e+00 0.000000000000000000e+00 1.000000000000000000e+00 0.000000000000000000e+00 2.299999952316284180e+00 0.000000000000000000e+00 0.000000000000000000e+00 1.000000000000000000e+00 0.000000000000000000e+00
1.000000000000000000e+00 -0.000000000000000000e+00 0.000000000000000000e+00 -8.000000000000000000e+00 0.000000000000000000e+00 1.000000000000000000e+00 0.000000000000000000e+00 1.850000023841857910e+00 0.000000000000000000e+00 0.000000000000000000e+00 1.000000000000000000e+00 0.000000000000000000e+00
1.000000000000000000e+00 -0.000000000000000000e+00 0.000000000000000000e+00 -8.000000000000000000e+00 0.000000000000000000e+00 1.000000000000000000e+00 0.000000000000000000e+00 1.399999976158142090e+00 0.000000000000000000e+00 0.000000000000000000e+00 1.000000000000000000e+00 0.000000000000000000e+00
1.000000000000000000e+00 -0.000000000000000000e+00 0.000000000000000000e+00 -8.000000000000000000e+00 0.000000000000000000e+00 1.000000000000000000e+00 0.000000000000000000e+00 9.499999880790710449e-01 0.000000000000000000e+00 0.000000000000000000e+00 1.000000000000000000e+00 0.000000000000000000e+00
1.000000000000000000e+00 -0.000000000000000000e+00 0.000000000000000000e+00 -8.000000000000000000e+00 0.000000000000000000e+00 1.000000000000000000e+00 0.000000000000000000e+00 5.000000000000000000e-01 0.000000000000000000e+00 0.000000000000000000e+00 1.000000000000000000e+00 0.000000000000000000e+00
1.000000000000000000e+00 -0.000000000000000000e+00 0.000000000000000000e+00 -8.000000000000000000e+00 0.000000000000000000e+00 1.000000000000000000e+00 0.000000000000000000e+00 5.000000074505805969e-02 0.000000000000000000e+00 0.000000000000000000e+00 1.000000000000000000e+00 0.000000000000000000e+00
1.000000000000000000e+00 -0.000000000000000000e+00 0.000000000000000000e+00 -8.000000000000000000e+00 0.000000000000000000e+00 1.000000000000000000e+00 0.000000000000000000e+00 -4.000000059604644775e-01 0.000000000000000000e+00 0.000000000000000000e+00 1.000000000000000000e+00 0.000000000000000000e+00
1.000000000000000000e+00 -0.000000000000000000e+00 0.000000000000000000e+00 -8.000000000000000000e+00 0.000000000000000000e+00 1.000000000000000000e+00 0.000000000000000000e+00 -8.500000238418579102e-01 0.000000000000000000e+00 0.000000000000000000e+00 1.000000000000000000e+00 0.000000000000000000e+00
1.000000000000000000e+00 -0.000000000000000000e+00 0.000000000000000000e+00 -8.000000000000000000e+00 0.000000000000000000e+00 1.000000000000000000e+00 0.000000000000000000e+00 -1.299999952316284180e+00 0.000000000000000000e+00 0.000000000000000000e+00 1.000000000000000000e+00 0.000000000000000000e+00
1.000000000000000000e+00 -0.000000000000000000e+00 0.000000000000000000e+00 -8.000000000000000000e+00 0.000000000000000000e+00 1.000000000000000000e+00 0.000000000000000000e+00 -1.750000000000000000e+00 0.000000000000000000e+00 0.000000000000000000e+00 1.000000000000000000e+00 0.000000000000000000e+00
1.000000000000000000e+00 -0.000000000000000000e+00 0.000000000000000000e+00 -8.000000000000000000e+00 0.000000000000000000e+00 1.000000000000000000e+00 0.000000000000000000e+00 -2.200000047683715820e+00 0.000000000000000000e+00 0.000000000000000000e+00 1.000000000000000000e+00 0.000000000000000000e+00
1.000000000000000000e+00 -0.000000000000000000e+00 0.000000000000000000e+00 -8.000000000000000000e+00 0.000000000000000000e+00 1.000000000000000000e+00 0.000000000000000000e+00 -2.650000095367431641e+00 0.000000000000000000e+00 0.000000000000000000e+00 1.000000000000000000e+00 0.000000000000000000e+00
1.000000000000000000e+00 -0.000000000000000000e+00 0.000000000000000000e+00 -8.000000000000000000e+00 0.000000000000000000e+00 1.000000000000000000e+00 0.000000000000000000e+00 -3.099999904632568359e+00 0.000000000000000000e+00 0.000000000000000000e+00 1.000000000000000000e+00 0.000000000000000000e+00
1.000000000000000000e+00 -0.000000000000000000e+00 0.000000000000000000e+00 -8.000000000000000000e+00 0.000000000000000000e+00 1.000000000000000000e+00 0.000000000000000000e+00 -3.549999952316284180e+00 0.000000000000000000e+00 0.000000000000000000e+00 1.000000000000000000e+00 0.000000000000000000e+00
1.000000000000000000e+00 -0.000000000000000000e+00 0.000000000000000000e+00 -8.000000000000000000e+00 0.000000000000000000e+00 1.000000000000000000e+00 0.000000000000000000e+00 -3.549999952316284180e+00 0.000000000000000000e+00 0.000000000000000000e+00 1.000000000000000000e+00 0.000000000000000000e+00
9.965844930757463693e-01 -8.257934463870225672e-02 0.000000000000000000e+00 -7.965903282165527344e+00 8.257934463870225672e-02 9.965844930757463693e-01 0.000000000000000000e+00 -3.961486577987670898e+00 0.000000000000000000e+00 0.000000000000000000e+00 1.000000000000000000e+00 0.000000000000000000e+00
9.694002665553667075e-01 -2.454854847081267277e-01 0.000000000000000000e+00 -7.864542961120605469e+00 2.454854847081267277e-01 9.694002665553667075e-01 0.000000000000000000e+00 -4.361748695373535156e+00 0.000000000000000000e+00 0.000000000000000000e+00 1.000000000000000000e+00 0.000000000000000000e+00
9.157733283351225939e-01 -4.016954208228066259e-01 0.000000000000000000e+00 -7.698684215545654297e+00 4.016954208228066259e-01 9.157733283351225939e-01 0.000000000000000000e+00 -4.739868640899658203e+00 0.000000000000000000e+00 0.000000000000000000e+00 1.000000000000000000e+00 0.000000000000000000e+00
8.371664814651340603e-01 -5.469481532204741869e-01 0.000000000000000000e+00 -7.472851276397705078e+00 5.469481532204741869e-01 8.371664814651340603e-01 0.000000000000000000e+00 -5.085531711578369141e+00 0.000000000000000000e+00 0.000000000000000000e+00 1.000000000000000000e+00 0.000000000000000000e+00
7.357239157719672740e-01 -6.772815660869290211e-01 0.000000000000000000e+00 -7.193203926086425781e+00 6.772815660869290211e-01 7.357239157719672740e-01 0.000000000000000000e+00 -5.389309883117675781e+00 0.000000000000000000e+00 0.000000000000000000e+00 1.000000000000000000e+00 0.000000000000000000e+00
6.142127199508321533e-01 -7.891405037448024906e-01 0.000000000000000000e+00 -6.867370605468750000e+00 7.891405037448024906e-01 6.142127199508321533e-01 0.000000000000000000e+00 -5.642916202545166016e+00 0.000000000000000000e+00 0.000000000000000000e+00 1.000000000000000000e+00 0.000000000000000000e+00
4.759473501800421946e-01 -8.794737743995532098e-01 0.000000000000000000e+00 -6.504238605499267578e+00 8.794737743995532098e-01 4.759473501800421946e-01 0.000000000000000000e+00 -5.839433193206787109e+00 0.000000000000000000e+00 0.000000000000000000e+00 1.000000000000000000e+00 0.000000000000000000e+00
3.246994246970411613e-01 -9.458172569801264196e-01 0.000000000000000000e+00 -6.113713741302490234e+00 9.458172569801264196e-01 3.246994246970411613e-01 0.000000000000000000e+00 -5.973500728607177734e+00 0.000000000000000000e+00 0.000000000000000000e+00 1.000000000000000000e+00 0.000000000000000000e+00
1.645945455153531023e-01 -9.863613108727421475e-01 0.000000000000000000e+00 -5.706448554992675781e+00 9.863613108727421475e-01 1.645945455153531023e-01 0.000000000000000000e+00 -6.041461467742919922e+00 0.000000000000000000e+00 0.000000000000000000e+00 1.000000000000000000e+00 0.000000000000000000e+00
1.192488045480603518e-08 9.999999999999998890e-01 0.000000000000000000e+00 -5.293551445007324219e+00 -9.999999999999998890e-01 1.192488045480603518e-08 0.000000000000000000e+00 -6.041461467742919922e+00 0.000000000000000000e+00 0.000000000000000000e+00 1.000000000000000000e+00 0.000000000000000000e+00
1.645947179762463630e-01 9.863612820941016768e-01 0.000000000000000000e+00 -4.886286258697509766e+00 -9.863612820941016768e-01 1.645947179762463630e-01 0.000000000000000000e+00 -5.973500728607177734e+00 0.000000000000000000e+00 0.000000000000000000e+00 1.000000000000000000e+00 0.000000000000000000e+00
3.246992518183739462e-01 9.458173163294211205e-01 0.000000000000000000e+00 -4.495761394500732422e+00 -9.458173163294211205e-01 3.246992518183739462e-01 0.000000000000000000e+00 -5.839433193206787109e+00 0.000000000000000000e+00 0.000000000000000000e+00 1.000000000000000000e+00 0.000000000000000000e+00
4.759472942692381525e-01 8.794738046569614554e-01 0.000000000000000000e+00 -4.132629394531250000e+00 -8.794738046569614554e-01 4.759472942692381525e-01 0.000000000000000000e+00 -5.642916202545166016e+00 0.000000000000000000e+00 0.000000000000000000e+00 1.000000000000000000e+00 0.000000000000000000e+00
6.142127168192272890e-01 7.891405061822284184e-01 0.000000000000000000e+00 -3.806796073913574219e+00 -7.891405061822284184e-01 6.142127168192272890e-01 0.000000000000000000e+00 -5.389309883117675781e+00 0.000000000000000000e+00 0.000000000000000000e+00 1.000000000000000000e+00 0.000000000000000000e+00
7.357239938225098586e-01 6.772814813014271795e-01 0.000000000000000000e+00 -3.527148723602294922e+00 -6.772814813014271795e-01 7.357239938225098586e-01 0.000000000000000000e+00 -5.085531711578369141e+00 0.000000000000000000e+00 0.000000000000000000e+00 1.000000000000000000e+00 0.000000000000000000e+00
8.371663488920129126e-01 5.469483561386910830e-01 0.000000000000000000e+00 -3.301315546035766602e+00 -5.469483561386910830e-01 8.371663488920129126e-01 0.000000000000000000e+00 -4.739868640899658203e+00 0.000000000000000000e+00 0.000000000000000000e+00 1.000000000000000000e+00 0.000000000000000000e+00
9.157732788552122027e-01 4.016955336256227693e-01 0.000000000000000000e+00 -3.135456800460815430e+00 -4.016955336256227693e-01 9.157732788552122027e-01 0.000000000000000000e+00 -4.361748695373535156e+00 0.000000000000000000e+00 0.000000000000000000e+00 1.000000000000000000e+00 0.000000000000000000e+00
9.694002655811884139e-01 2.454854885550698251e-01 0.000000000000000000e+00 -3.034096717834472656e+00 -2.454854885550698251e-01 9.694002655811884139e-01 0.000000000000000000e+00 -3.961486577987670898e+00 0.000000000000000000e+00 0.000000000000000000e+00 1.000000000000000000e+00 0.000000000000000000e+00
9.965845025922590583e-01 8.257922979139262210e-02 0.000000000000000000e+00 -3.000000000000000000e+00 -8.257922979139262210e-02 9.965845025922590583e-01 0.000000000000000000e+00 -3.549999952316284180e+00 0.000000000000000000e+00 0.000000000000000000e+00 1.000000000000000000e+00 0.000000000000000000e+00
-9.999999999999962252e-01 8.742278000372474539e-08 0.000000000000000000e+00 -3.000000000000000000e+00 -8.742278000372474539e-08 -9.999999999999962252e-01 0.000000000000000000e+00 -3.549999952316284180e+00 0.000000000000000000e+00 0.000000000000000000e+00 1.000000000000000000e+00 0.000000000000000000e+00
9.999999999999846789e-01 -1.748455600074488290e-07 0.000000000000000000e+00 -3.000000000000000000e+00 1.748455600074488290e-07 9.999999999999846789e-01 0.000000000000000000e+00 -3.049999952316284180e+00 0.000000000000000000e+00 0.000000000000000000e+00 1.000000000000000000e+00 0.000000000000000000e+00
9.999999999999846789e-01 -1.748455600074488290e-07 0.000000000000000000e+00 -3.000000000000000000e+00 1.748455600074488290e-07 9.999999999999846789e-01 0.000000000000000000e+00 -2.549999952316284180e+00 0.000000000000000000e+00 0.000000000000000000e+00 1.000000000000000000e+00 0.000000000000000000e+00
9.999999999999846789e-01 -1.748455600074488290e-07 0.000000000000000000e+00 -3.000000000000000000e+00 1.748455600074488290e-07 9.999999999999846789e-01 0.000000000000000000e+00 -2.049999952316284180e+00 0.000000000000000000e+00 0.000000000000000000e+00 1.000000000000000000e+00 0.000000000000000000e+00
9.999999999999846789e-01 -1.748455600074488290e-07 0.000000000000000000e+00 -3.000000000000000000e+00 1.748455600074488290e-07 9.999999999999846789e-01 0.000000000000000000e+00 -1.549999952316284180e+00 0.000000000000000000e+00 0.000000000000000000e+00 1.000000000000000000e+00 0.000000000000000000e+00
9.999999999999846789e-01 -1.748455600074488290e-07 0.000000000000000000e+00 -3.000000000000000000e+00 1.748455600074488290e-07 9.999999999999846789e-01 0.000000000000000000e+00 -1.049999952316284180e+00 0.000000000000000000e+00 0.000000000000000000e+00 1.000000000000000000e+00 0.000000000000000000e+00
9.999999999999846789e-01 -1.748455600074488290e-07 0.000000000000000000e+00 -3.000000000000000000e+00 1.748455600074488290e-07 9.999999999999846789e-01 0.000000000000000000e+00 -5.500000119209289551e-01 0.000000000000000000e+00 0.000000000000000000e+00 1.000000000000000000e+00 0.000000000000000000e+00
9.999999999999846789e-01 -1.748455600074488290e-07 0.000000000000000000e+00 -3.000000000000000000e+00 1.748455600074488290e-07 9.999999999999846789e-01 0.000000000000000000e+00 -5.000000074505805969e-02 0.000000000000000000e+00 0.000000000000000000e+00 1.000000000000000000e+00 0.000000000000000000e+00
9.999999999999846789e-01 -1.748455600074488290e-07 0.000000000000000000e+00 -3.000000000000000000e+00 1.748455600074488290e-07 9.999999999999846789e-01 0.000000000000000000e+00 4.499999880790710449e-01 0.000000000000000000e+00 0.000000000000000000e+00 1.000000000000000000e+00 0.000000000000000000e+00
9.999999999999846789e-01 -1.748455600074488290e-07 0.000000000000000000e+00 -3.000000000000000000e+00 1.748455600074488290e-07 9.999999999999846789e-01 0.000000000000000000e+00 9.499999880790710449e-01 0.000000000000000000e+00 0.000000000000000000e+00 1.000000000000000000e+00 0.000000000000000000e+00
9.999999999999846789e-01 -1.748455600074488290e-07 0.000000000000000000e+00 -3.000000000000000000e+00 1.748455600074488290e-07 9.999999999999846789e-01 0.000000000000000000e+00 1.450000047683715820e+00 0.000000000000000000e+00 0.000000000000000000e+00 1.000000000000000000e+00 0.000000000000000000e+00
9.999999999999846789e-01 -1.748455600074488290e-07 0.000000000000000000e+00 -3.000000000000000000e+00 1.748455600074488290e-07 9.999999999999846789e-01 0.000000000000000000e+00 1.950000047683715820e+00 0.000000000000000000e+00 0.000000000000000000e+00 1.000000000000000000e+00 0.000000000000000000e+00
9.999999999999846789e-01 -1.748455600074488290e-07 0.000000000000000000e+00 -3.000000000000000000e+00 1.748455600074488290e-07 9.999999999999846789e-01 0.000000000000000000e+00 2.450000047683715820e+00 0.000000000000000000e+00 0.000000000000000000e+00 1.000000000000000000e+00 0.000000000000000000e+00
9.999999999999846789e-01 -1.748455600074488290e-07 0.000000000000000000e+00 -3.000000000000000000e+00 1.748455600074488290e-07 9.999999999999846789e-01 0.000000000000000000e+00 2.950000047683715820e+00 0.000000000000000000e+00 0.000000000000000000e+00 1.000000000000000000e+00 0.000000000000000000e+00
9.999999999999846789e-01 -1.748455600074488290e-07 0.000000000000000000e+00 -3.000000000000000000e+00 1.748455600074488290e-07 9.999999999999846789e-01 0.000000000000000000e+00 3.450000047683715820e+00 0.000000000000000000e+00 0.000000000000000000e+00 1.000000000000000000e+00 0.000000000000000000e+00
9.999999999999846789e-01 -1.748455600074488290e-07 0.000000000000000000e+00 -3.000000000000000000e+00 1.748455600074488290e-07 9.999999999999846789e-01 0.000000000000000000e+00 3.950000047683715820e+00 0.000000000000000000e+00 0.000000000000000000e+00 1.000000000000000000e+00 0.000000000000000000e+00
9.999999999999846789e-01 -1.748455600074488290e-07 0.000000000000000000e+00 -3.000000000000000000e+00 1.748455600074488290e-07 9.999999999999846789e-01 0.000000000000000000e+00 4.449999809265136719e+00 0.000000000000000000e+00 0.000000000000000000e+00 1.000000000000000000e+00 0.000000000000000000e+00
9.999999999999846789e-01 -1.748455600074488290e-07 0.000000000000000000e+00 -3.000000000000000000e+00 1.748455600074488290e-07 9.999999999999846789e-01 0.000000000000000000e+00 4.949999809265136719e+00 0.000000000000000000e+00 0.000000000000000000e+00 1.000000000000000000e+00 0.000000000000000000e+00
9.999999999999846789e-01 -1.748455600074488290e-07 0.000000000000000000e+00 -3.000000000000000000e+00 1.748455600074488290e-07 9.999999999999846789e-01 0.000000000000000000e+00 5.449999809265136719e+00 0.000000000000000000e+00 0.000000000000000000e+00 1.000000000000000000e+00 0.000000000000000000e+00
9.999999999999846789e-01 -1.748455600074488290e-07 0.000000000000000000e+00 -3.000000000000000000e+00 1.748455600074488290e-07 9.999999999999846789e-01 0.000000000000000000e+00 5.949999809265136719e+00 0.000000000000000000e+00 0.000000000000000000e+00 1.000000000000000000e+00 0.000000000000000000e+00
1.192488045480603518e-08 9.999999999999998890e-01 0.000000000000000000e+00 -3.000000000000000000e+00 -9.999999999999998890e-01 1.192488045480603518e-08 0.000000000000000000e+00 5.949999809265136719e+00 0.000000000000000000e+00 0.000000000000000000e+00 1.000000000000000000e+00 0.000000000000000000e+00
9.965844930757463693e-01 -8.257934463870225672e-02 0.000000000000000000e+00 -3.035460710525512695e+00 8.257934463870225672e-02 9.965844930757463693e-01 0.000000000000000000e+00 6.377945899963378906e+00 0.000000000000000000e+00 0.000000000000000000e+00 1.000000000000000000e+00 0.000000000000000000e+00
9.694002665553667075e-01 -2.454854847081267277e-01 0.000000000000000000e+00 -3.140875101089477539e+00 2.454854847081267277e-01 9.694002665553667075e-01 0.000000000000000000e+00 6.794218540191650391e+00 0.000000000000000000e+00 0.000000000000000000e+00 1.000000000000000000e+00 0.000000000000000000e+00
9.157733283351225939e-01 -4.016954208228066259e-01 0.000000000000000000e+00 -3.313368320465087891e+00 4.016954208228066259e-01 9.157733283351225939e-01 0.000000000000000000e+00 7.187463283538818359e+00 0.000000000000000000e+00 0.000000000000000000e+00 1.000000000000000000e+00 0.000000000000000000e+00
8.371664814651340603e-01 -5.469481532204741869e-01 0.000000000000000000e+00 -3.548234701156616211e+00 5.469481532204741869e-01 8.371664814651340603e-01 0.000000000000000000e+00 7.546953201293945312e+00 0.000000000000000000e+00 0.000000000000000000e+00 1.000000000000000000e+00 0.000000000000000000e+00
7.357239157719672740e-01 -6.772815660869290211e-01 0.000000000000000000e+00 -3.839067935943603516e+00 6.772815660869290211e-01 7.357239157719672740e-01 0.000000000000000000e+00 7.862882137298583984e+00 0.000000000000000000e+00 0.000000000000000000e+00 1.000000000000000000e+00 0.000000000000000000e+00
6.142127199508321533e-01 -7.891405037448024906e-01 0.000000000000000000e+00 -4.177934646606445312e+00 7.891405037448024906e-01 6.142127199508321533e-01 0.000000000000000000e+00 8.126632690429687500e+00 0.000000000000000000e+00 0.000000000000000000e+00 1.000000000000000000e+00 0.000000000000000000e+00
4.759473501800421946e-01 -8.794737743995532098e-01 0.000000000000000000e+00 -4.555592060089111328e+00 8.794737743995532098e-01 4.759473501800421946e-01 0.000000000000000000e+00 8.331010818481445312e+00 0.000000000000000000e+00 0.000000000000000000e+00 1.000000000000000000e+00 0.000000000000000000e+00
3.246994246970411613e-01 -9.458172569801264196e-01 0.000000000000000000e+00 -4.961737632751464844e+00 9.458172569801264196e-01 3.246994246970411613e-01 0.000000000000000000e+00 8.470440864562988281e+00 0.000000000000000000e+00 0.000000000000000000e+00 1.000000000000000000e+00 0.000000000000000000e+00
1.645945455153531023e-01 -9.863613108727421475e-01 0.000000000000000000e+00 -5.385293483734130859e+00 9.863613108727421475e-01 1.645945455153531023e-01 0.000000000000000000e+00 8.541119575500488281e+00 0.000000000000000000e+00 0.000000000000000000e+00 1.000000000000000000e+00 0.000000000000000000e+00
-4.371139000186241240e-08 9.999999999999990008e-01 0.000000000000000000e+00 -5.814706325531005859e+00 -9.999999999999990008e-01 -4.371139000186241240e-08 0.000000000000000000e+00 8.541119575500488281e+00 0.000000000000000000e+00 0.000000000000000000e+00 1.000000000000000000e+00 0.000000000000000000e+00
1.645945455153531023e-01 9.863613108727421475e-01 0.000000000000000000e+00 -6.238262176513671875e+00 -9.863613108727421475e-01 1.645945455153531023e-01 0.000000000000000000e+00 8.470440864562988281e+00 0.000000000000000000e+00 0.000000000000000000e+00 1.000000000000000000e+00 0.000000000000000000e+00
3.246994246970411613e-01 9.458172569801264196e-01 0.000000000000000000e+00 -6.644408226013183594e+00 -9.458172569801264196e-01 3.246994246970411613e-01 0.000000000000000000e+00 8.331010818481445312e+00 0.000000000000000000e+00 0.000000000000000000e+00 1.000000000000000000e+00 0.000000000000000000e+00
4.759473501800421946e-01 8.794737743995532098e-01 0.000000000000000000e+00 -7.022065162658691406e+00 -8.794737743995532098e-01 4.759473501800421946e-01 0.000000000000000000e+00 8.126632690429687500e+00 0.000000000000000000e+00 0.000000000000000000e+00 1.000000000000000000e+00 0.000000000000000000e+00
6.142127199508321533e-01 7.891405037448024906e-01 0.000000000000000000e+00 -7.360931873321533203e+00 -7.891405037448024906e-01 6.142127199508321533e-01 0.000000000000000000e+00 7.862882137298583984e+00 0.000000000000000000e+00 0.000000000000000000e+00 1.000000000000000000e+00 0.000000000000000000e+00
7.357239157719672740e-01 6.772815660869290211e-01 0.000000000000000000e+00 -7.651765346527099609e+00 -6.772815660869290211e-01 7.357239157719672740e-01 0.000000000000000000e+00 7.546953201293945312e+00 0.000000000000000000e+00 0.000000000000000000e+00 1.000000000000000000e+00 0.000000000000000000e+00
8.371664814651340603e-01 5.469481532204741869e-01 0.000000000000000000e+00 -7.886631965637207031e+00 -5.469481532204741869e-01 8.371664814651340603e-01 0.000000000000000000e+00 7.187463283538818359e+00 0.000000000000000000e+00 0.000000000000000000e+00 1.000000000000000000e+00 0.000000000000000000e+00
9.157733283351225939e-01 4.016954208228066259e-01 0.000000000000000000e+00 -8.059124946594238281e+00 -4.016954208228066259e-01 9.157733283351225939e-01 0.000000000000000000e+00 6.794218540191650391e+00 0.000000000000000000e+00 0.000000000000000000e+00 1.000000000000000000e+00 0.000000000000000000e+00
9.694002665553667075e-01 2.454854847081267277e-01 0.000000000000000000e+00 -8.164539337158203125e+00 -2.454854847081267277e-01 9.694002665553667075e-01 0.000000000000000000e+00 6.377945899963378906e+00 0.000000000000000000e+00 0.000000000000000000e+00 1.000000000000000000e+00 0.000000000000000000e+00
9.965844930757463693e-01 8.257934463870225672e-02 0.000000000000000000e+00 -8.199999809265136719e+00 -8.257934463870225672e-02 9.965844930757463693e-01 0.000000000000000000e+00 5.949999809265136719e+00 0.000000000000000000e+00 0.000000000000000000e+00 1.000000000000000000e+00 0.000000000000000000e+00
1.000000000000000000e+00 -0.000000000000000000e+00 0.000000000000000000e+00 -8.199999809265136719e+00 0.000000000000000000e+00 1.000000000000000000e+00 0.000000000000000000e+00 5.949999809265136719e+00 0.000000000000000000e+00 0.000000000000000000e+00 1.000000000000000000e+00 0.000000000000000000e+00
1.000000000000000000e+00 -0.000000000000000000e+00 0.000000000000000000e+00 -8.199999809265136719e+00 0.000000000000000000e+00 1.000000000000000000e+00 0.000000000000000000e+00 5.400000095367431641e+00 0.000000000000000000e+00 0.000000000000000000e+00 1.000000000000000000e+00 0.000000000000000000e+00
1.000000000000000000e+00 -0.000000000000000000e+00 0.000000000000000000e+00 -8.199999809265136719e+00 0.000000000000000000e+00 1.000000000000000000e+00 0.000000000000000000e+00 4.849999904632568359e+00 0.000000000000000000e+00 0.000000000000000000e+00 1.000000000000000000e+00 0.000000000000000000e+00
1.000000000000000000e+00 -0.000000000000000000e+00 0.000000000000000000e+00 -8.199999809265136719e+00 0.000000000000000000e+00 1.000000000000000000e+00 0.000000000000000000e+00 4.300000190734863281e+00 0.000000000000000000e+00 0.000000000000000000e+00 1.000000000000000000e+00 0.000000000000000000e+00
1.000000000000000000e+00 -0.000000000000000000e+00 0.000000000000000000e+00 -8.199999809265136719e+00 0.000000000000000000e+00 1.000000000000000000e+00 0.000000000000000000e+00 3.750000000000000000e+00 0.000000000000000000e+00 0.000000000000000000e+00 1.000000000000000000e+00 0.000000000000000000e+00
1.000000000000000000e+00 -0.000000000000000000e+00 0.000000000000000000e+00 -8.199999809265136719e+00 0.000000000000000000e+00 1.000000000000000000e+00 0.000000000000000000e+00 3.200000047683715820e+00 0.000000000000000000e+00 0.000000000000000000e+00 1.000000000000000000e+00 0.000000000000000000e+00
1.000000000000000000e+00 -0.000000000000000000e+00 0.000000000000000000e+00 -8.199999809265136719e+00 0.000000000000000000e+00 1.000000000000000000e+00 0.000000000000000000e+00 2.650000095367431641e+00 0.000000000000000000e+00 0.000000000000000000e+00 1.000000000000000000e+00 0.000000000000000000e+00
1.000000000000000000e+00 -0.000000000000000000e+00 0.000000000000000000e+00 -8.199999809265136719e+00 0.000000000000000000e+00 1.000000000000000000e+00 0.000000000000000000e+00 2.099999904632568359e+00 0.000000000000000000e+00 0.000000000000000000e+00 1.000000000000000000e+00 0.000000000000000000e+00
1.000000000000000000e+00 -0.000000000000000000e+00 0.000000000000000000e+00 -8.199999809265136719e+00 0.000000000000000000e+00 1.000000000000000000e+00 0.000000000000000000e+00 1.549999952316284180e+00 0.000000000000000000e+00 0.000000000000000000e+00 1.000000000000000000e+00 0.000000000000000000e+00
1.000000000000000000e+00 -0.000000000000000000e+00 0.000000000000000000e+00 -8.199999809265136719e+00 0.000000000000000000e+00 1.000000000000000000e+00 0.000000000000000000e+00 1.000000000000000000e+00 0.000000000000000000e+00 0.000000000000000000e+00 1.000000000000000000e+00 0.000000000000000000e+00
1.000000000000000000e+00 -0.000000000000000000e+00 0.000000000000000000e+00 -8.199999809265136719e+00 0.000000000000000000e+00 1.000000000000000000e+00 0.000000000000000000e+00 4.499999880790710449e-01 0.000000000000000000e+00 0.000000000000000000e+00 1.000000000000000000e+00 0.000000000000000000e+00
1.000000000000000000e+00 -0.000000000000000000e+00 0.000000000000000000e+00 -8.199999809265136719e+00 0.000000000000000000e+00 1.000000000000000000e+00 0.000000000000000000e+00 -1.000000014901161194e-01 0.000000000000000000e+00 0.000000000000000000e+00 1.000000000000000000e+00 0.000000000000000000e+00
1.000000000000000000e+00 -0.000000000000000000e+00 0.000000000000000000e+00 -8.199999809265136719e+00 0.000000000000000000e+00 1.000000000000000000e+00 0.000000000000000000e+00 -6.499999761581420898e-01 0.000000000000000000e+00 0.000000000000000000e+00 1.000000000000000000e+00 0.000000000000000000e+00
1.000000000000000000e+00 -0.000000000000000000e+00 0.000000000000000000e+00 -8.199999809265136719e+00 0.000000000000000000e+00 1.000000000000000000e+00 0.000000000000000000e+00 -1.200000047683715820e+00 0.000000000000000000e+00 0.000000000000000000e+00 1.000000000000000000e+00 0.000000000000000000e+00
1.000000000000000000e+00 -0.000000000000000000e+00 0.000000000000000000e+00 -8.199999809265136719e+00 0.000000000000000000e+00 1.000000000000000000e+00 0.000000000000000000e+00 -1.750000000000000000e+00 0.000000000000000000e+00 0.000000000000000000e+00 1.000000000000000000e+00 0.000000000000000000e+00
1.000000000000000000e+00 -0.000000000000000000e+00 0.000000000000000000e+00 -8.199999809265136719e+00 0.000000000000000000e+00 1.000000000000000000e+00 0.000000000000000000e+00 -2.299999952316284180e+00 0.000000000000000000e+00 0.000000000000000000e+00 1.000000000000000000e+00 0.000000000000000000e+00
1.000000000000000000e+00 -0.000000000000000000e+00 0.000000000000000000e+00 -8.199999809265136719e+00 0.000000000000000000e+00 1.000000000000000000e+00 0.000000000000000000e+00 -2.849999904632568359e+00 0.000000000000000000e+00 0.000000000000000000e+00 1.000000000000000000e+00 0.000000000000000000e+00
1.000000000000000000e+00 -0.000000000000000000e+00 0.000000000000000000e+00 -8.199999809265136719e+00 0.000000000000000000e+00 1.000000000000000000e+00 0.000000000000000000e+00 -3.400000095367431641e+00 0.000000000000000000e+00 0.000000000000000000e+00 1.000000000000000000e+00 0.000000000000000000e+00
1.000000000000000000e+00 -0.000000000000000000e+00 0.000000000000000000e+00 -8.199999809265136719e+00 0.000000000000000000e+00 1.000000000000000000e+00 0.000000000000000000e+00 -3.950000047683715820e+00 0.000000000000000000e+00 0.000000000000000000e+00 1.000000000000000000e+00 0.000000000000000000e+00
1.000000000000000000e+00 -0.000000000000000000e+00 0.000000000000000000e+00 -8.199999809265136719e+00 0.000000000000000000e+00 1.000000000000000000e+00 0.000000000000000000e+00 -4.500000000000000000e+00 0.000000000000000000e+00 0.000000000000000000e+00 1.000000000000000000e+00 0.000000000000000000e+00
1.000000000000000000e+00 -0.000000000000000000e+00 0.000000000000000000e+00 -8.199999809265136719e+00 0.000000000000000000e+00 1.000000000000000000e+00 0.000000000000000000e+00 -4.500000000000000000e+00 0.000000000000000000e+00 0.000000000000000000e+00 1.000000000000000000e+00 0.000000000000000000e+00
9.965844930757463693e-01 -8.257934463870225672e-02 0.000000000000000000e+00 -8.163175582885742188e+00 8.257934463870225672e-02 9.965844930757463693e-01 0.000000000000000000e+00 -4.944405555725097656e+00 0.000000000000000000e+00 0.000000000000000000e+00 1.000000000000000000e+00 0.000000000000000000e+00
9.694002665553667075e-01 -2.454854847081267277e-01 0.000000000000000000e+00 -8.053706169128417969e+00 2.454854847081267277e-01 9.694002665553667075e-01 0.000000000000000000e+00 -5.376688480377197266e+00 0.000000000000000000e+00 0.000000000000000000e+00 1.000000000000000000e+00 0.000000000000000000e+00
9.157733283351225939e-01 -4.016954208228066259e-01 0.000000000000000000e+00 -7.874578952789306641e+00 4.016954208228066259e-01 9.157733283351225939e-01 0.000000000000000000e+00 -5.785058021545410156e+00 0.000000000000000000e+00 0.000000000000000000e+00 1.000000000000000000e+00 0.000000000000000000e+00
8.371664814651340603e-01 -5.469481532204741869e-01 0.000000000000000000e+00 -7.630679607391357422e+00 5.469481532204741869e-01 8.371664814651340603e-01 0.000000000000000000e+00 -6.158374309539794922e+00 0.000000000000000000e+00 0.000000000000000000e+00 1.000000000000000000e+00 0.000000000000000000e+00
7.357239157719672740e-01 -6.772815660869290211e-01 0.000000000000000000e+00 -7.328660011291503906e+00 6.772815660869290211e-01 7.357239157719672740e-01 0.000000000000000000e+00 -6.486454486846923828e+00 0.000000000000000000e+00 0.000000000000000000e+00 1.000000000000000000e+00 0.000000000000000000e+00
6.142127199508321533e-01 -7.891405037448024906e-01 0.000000000000000000e+00 -6.976759910583496094e+00 7.891405037448024906e-01 6.142127199508321533e-01 0.000000000000000000e+00 -6.760349273681640625e+00 0.000000000000000000e+00 0.000000000000000000e+00 1.000000000000000000e+00 0.000000000000000000e+00
4.759473501800421946e-01 -8.794737743995532098e-01 0.000000000000000000e+00 -6.584577560424804688e+00 8.794737743995532098e-01 4.759473501800421946e-01 0.000000000000000000e+00 -6.972588062286376953e+00 0.000000000000000000e+00 0.000000000000000000e+00 1.000000000000000000e+00 0.000000000000000000e+00
3.246994246970411613e-01 -9.458172569801264196e-01 0.000000000000000000e+00 -6.162810802459716797e+00 9.458172569801264196e-01 3.246994246970411613e-01 0.000000000000000000e+00 -7.117380619049072266e+00 0.000000000000000000e+00 0.000000000000000000e+00 1.000000000000000000e+00 0.000000000000000000e+00
1.645945455153531023e-01 -9.863613108727421475e-01 0.000000000000000000e+00 -5.722964286804199219e+00 9.863613108727421475e-01 1.645945455153531023e-01 0.000000000000000000e+00 -7.190778255462646484e+00 0.000000000000000000e+00 0.000000000000000000e+00 1.000000000000000000e+00 0.000000000000000000e+00
1.192488045480603518e-08 9.999999999999998890e-01 0.000000000000000000e+00 -5.277035713195800781e+00 -9.999999999999998890e-01 1.192488045480603518e-08 0.000000000000000000e+00 -7.190778255462646484e+00 0.000000000000000000e+00 0.000000000000000000e+00 1.000000000000000000e+00 0.000000000000000000e+00
1.645947179762463630e-01 9.863612820941016768e-01 0.000000000000000000e+00 -4.837189197540283203e+00 -9.863612820941016768e-01 1.645947179762463630e-01 0.000000000000000000e+00 -7.117380619049072266e+00 0.000000000000000000e+00 0.000000000000000000e+00 1.000000000000000000e+00 0.000000000000000000e+00
3.246992518183739462e-01 9.458173163294211205e-01 0.000000000000000000e+00 -4.415422439575195312e+00 -9.458173163294211205e-01 3.246992518183739462e-01 0.000000000000000000e+00 -6.972588062286376953e+00 0.000000000000000000e+00 0.000000000000000000e+00 1.000000000000000000e+00 0.000000000000000000e+00
4.759472942692381525e-01 8.794738046569614554e-01 0.000000000000000000e+00 -4.023240089416503906e+00 -8.794738046569614554e-01 4.759472942692381525e-01 0.000000000000000000e+00 -6.760349273681640625e+00 0.000000000000000000e+00 0.000000000000000000e+00 1.000000000000000000e+00 0.000000000000000000e+00
6.142127168192272890e-01 7.891405061822284184e-01 0.000000000000000000e+00 -3.671339750289916992e+00 -7.891405061822284184e-01 6.142127168192272890e-01 0.000000000000000000e+00 -6.486454486846923828e+00 0.000000000000000000e+00 0.000000000000000000e+00 1.000000000000000000e+00 0.000000000000000000e+00
7.357239938225098586e-01 6.772814813014271795e-01 0.000000000000000000e+00 -3.369320631027221680e+00 -6.772814813014271795e-01 7.357239938225098586e-01 0.000000000000000000e+00 -6.158374309539794922e+00 0.000000000000000000e+00 0.000000000000000000e+00 1.000000000000000000e+00 0.000000000000000000e+00
8.371663488920129126e-01 5.469483561386910830e-01 0.000000000000000000e+00 -3.125420808792114258e+00 -5.469483561386910830e-01 8.371663488920129126e-01 0.000000000000000000e+00 -5.785058021545410156e+00 0.000000000000000000e+00 0.000000000000000000e+00 1.000000000000000000e+00 0.000000000000000000e+00
9.157732788552122027e-01 4.016955336256227693e-01 0.000000000000000000e+00 -2.946293354034423828e+00 -4.016955336256227693e-01 9.157732788552122027e-01 0.000000000000000000e+00 -5.376688480377197266e+00 0.000000000000000000e+00 0.000000000000000000e+00 1.000000000000000000e+00 0.000000000000000000e+00
9.694002655811884139e-01 2.454854885550698251e-01 0.000000000000000000e+00 -2.836824417114257812e+00 -2.454854885550698251e-01 9.694002655811884139e-01 0.000000000000000000e+00 -4.944405555725097656e+00 0.000000000000000000e+00 0.000000000000000000e+00 1.000000000000000000e+00 0.000000000000000000e+00
-9.965844953729493527e-01 -8.257931691558002829e-02 0.000000000000000000e+00 -2.799999952316284180e+00 8.257931691558002829e-02 -9.965844953729493527e-01 0.000000000000000000e+00 -4.500000000000000000e+00 0.000000000000000000e+00 0.000000000000000000e+00 1.000000000000000000e+00 0.000000000000000000e+00
