9.999413772510501452e-01 1.082783733129672084e-02 0.000000000000000000e+00 -8.000620841979980469e+00 -1.082783733129672084e-02 9.999413772510501452e-01 0.000000000000000000e+00 4.999000072479248047e+00 0.000000000000000000e+00 0.000000000000000000e+00 1.000000000000000000e+00 0.000000000000000000e+00
9.988619375766114583e-01 -4.769517439634218814e-02 0.000000000000000000e+00 -8.022236824035644531e+00 4.769517439634218814e-02 9.988619375766114583e-01 0.000000000000000000e+00 4.600763320922851562e+00 0.000000000000000000e+00 0.000000000000000000e+00 1.000000000000000000e+00 0.000000000000000000e+00
9.936568196039742284e-01 -1.124549903495394160e-01 0.000000000000000000e+00 -8.017517089843750000e+00 1.124549903495394160e-01 9.936568196039742284e-01 0.000000000000000000e+00 4.203011989593505859e+00 0.000000000000000000e+00 0.000000000000000000e+00 1.000000000000000000e+00 0.000000000000000000e+00
9.766086196985922507e-01 -2.150246588891852328e-01 0.000000000000000000e+00 -7.952954769134521484e+00 2.150246588891852328e-01 9.766086196985922507e-01 0.000000000000000000e+00 3.860689640045166016e+00 0.000000000000000000e+00 0.000000000000000000e+00 1.000000000000000000e+00 0.000000000000000000e+00
9.539818830488293600e-01 -2.998642473096944649e-01 0.000000000000000000e+00 -7.842234134674072266e+00 2.998642473096944649e-01 9.539818830488293600e-01 0.000000000000000000e+00 3.526039123535156250e+00 0.000000000000000000e+00 0.000000000000000000e+00 1.000000000000000000e+00 0.000000000000000000e+00
8.958812486150699028e-01 -4.442935835457264004e-01 0.000000000000000000e+00 -7.689755916595458984e+00 4.442935835457264004e-01 8.958812486150699028e-01 0.000000000000000000e+00 3.046503543853759766e+00 0.000000000000000000e+00 0.000000000000000000e+00 1.000000000000000000e+00 0.000000000000000000e+00
9.172515679833080915e-01 -3.983083742932889693e-01 0.000000000000000000e+00 -7.296477317810058594e+00 3.983083742932889693e-01 9.172515679833080915e-01 0.000000000000000000e+00 2.631619453430175781e+00 0.000000000000000000e+00 0.000000000000000000e+00 1.000000000000000000e+00 0.000000000000000000e+00
9.138693332582163986e-01 -4.060084256886585807e-01 0.000000000000000000e+00 -7.092114448547363281e+00 4.060084256886585807e-01 9.138693332582163986e-01 0.000000000000000000e+00 2.202004432678222656e+00 0.000000000000000000e+00 0.000000000000000000e+00 1.000000000000000000e+00 0.000000000000000000e+00
8.442548483868478337e-01 -5.359419287341685711e-01 0.000000000000000000e+00 -6.878402709960937500e+00 5.359419287341685711e-01 8.442548483868478337e-01 0.000000000000000000e+00 1.835416316986083984e+00 0.000000000000000000e+00 0.000000000000000000e+00 1.000000000000000000e+00 0.000000000000000000e+00
7.882086168175046481e-01 -6.154081380471305707e-01 0.000000000000000000e+00 -6.634183883666992188e+00 6.154081380471305707e-01 7.882086168175046481e-01 0.000000000000000000e+00 1.409709453582763672e+00 0.000000000000000000e+00 0.000000000000000000e+00 1.000000000000000000e+00 0.000000000000000000e+00
7.620645345125187653e-01 -6.475010774031330074e-01 0.000000000000000000e+00 -6.266949653625488281e+00 6.475010774031330074e-01 7.620645345125187653e-01 0.000000000000000000e+00 1.132607817649841309e+00 0.000000000000000000e+00 0.000000000000000000e+00 1.000000000000000000e+00 0.000000000000000000e+00
8.509623140769113636e-01 -5.252267510522174998e-01 0.000000000000000000e+00 -6.067451000213623047e+00 5.252267510522174998e-01 8.509623140769113636e-01 0.000000000000000000e+00 7.797484397888183594e-01 0.000000000000000000e+00 0.000000000000000000e+00 1.000000000000000000e+00 0.000000000000000000e+00
8.377663180254852904e-01 -5.460289336491440659e-01 0.000000000000000000e+00 -5.770249843597412109e+00 5.460289336491440659e-01 8.377663180254852904e-01 0.000000000000000000e+00 4.558386504650115967e-01 0.000000000000000000e+00 0.000000000000000000e+00 1.000000000000000000e+00 0.000000000000000000e+00
8.008501741215241498e-01 -5.988647581963096878e-01 0.000000000000000000e+00 -5.586724758148193359e+00 5.988647581963096878e-01 8.008501741215241498e-01 0.000000000000000000e+00 -1.173453330993652344e-01 0.000000000000000000e+00 0.000000000000000000e+00 1.000000000000000000e+00 0.000000000000000000e+00
6.693466754768714333e-01 -7.429502190780077342e-01 0.000000000000000000e+00 -5.269947052001953125e+00 7.429502190780077342e-01 6.693466754768714333e-01 0.000000000000000000e+00 -2.975493371486663818e-01 0.000000000000000000e+00 0.000000000000000000e+00 1.000000000000000000e+00 0.000000000000000000e+00
6.700632658314394918e-01 -7.423039941852028756e-01 0.000000000000000000e+00 -4.913104534149169922e+00 7.423039941852028756e-01 6.700632658314394918e-01 0.000000000000000000e+00 -6.369856595993041992e-01 0.000000000000000000e+00 0.000000000000000000e+00 1.000000000000000000e+00 0.000000000000000000e+00
5.801783466837566738e-01 -8.144894634304993275e-01 0.000000000000000000e+00 -4.763697624206542969e+00 8.144894634304993275e-01 5.801783466837566738e-01 0.000000000000000000e+00 -8.875470757484436035e-01 0.000000000000000000e+00 0.000000000000000000e+00 1.000000000000000000e+00 0.000000000000000000e+00
5.543953825962751880e-01 -8.322534227961634334e-01 0.000000000000000000e+00 -4.216111183166503906e+00 8.322534227961634334e-01 5.543953825962751880e-01 0.000000000000000000e+00 -1.152775645256042480e+00 0.000000000000000000e+00 0.000000000000000000e+00 1.000000000000000000e+00 0.000000000000000000e+00
6.085917980911228486e-01 -7.934834738645877295e-01 0.000000000000000000e+00 -3.913755416870117188e+00 7.934834738645877295e-01 6.085917980911228486e-01 0.000000000000000000e+00 -1.503437042236328125e+00 0.000000000000000000e+00 0.000000000000000000e+00 1.000000000000000000e+00 0.000000000000000000e+00
5.954320638647867536e-01 -8.034056617436302616e-01 0.000000000000000000e+00 -3.558838129043579102e+00 8.034056617436302616e-01 5.954320638647867536e-01 0.000000000000000000e+00 -1.547873854637145996e+00 0.000000000000000000e+00 0.000000000000000000e+00 1.000000000000000000e+00 0.000000000000000000e+00
4.766941736978231314e-01 -8.790692036253742181e-01 0.000000000000000000e+00 -3.654080629348754883e+00 8.790692036253742181e-01 4.766941736978231314e-01 0.000000000000000000e+00 -1.651612401008605957e+00 0.000000000000000000e+00 0.000000000000000000e+00 1.000000000000000000e+00 0.000000000000000000e+00
3.736430643213866643e-01 -9.275725634604141678e-01 0.000000000000000000e+00 -3.370963335037231445e+00 9.275725634604141678e-01 3.736430643213866643e-01 0.000000000000000000e+00 -1.688387513160705566e+00 0.000000000000000000e+00 0.000000000000000000e+00 1.000000000000000000e+00 0.000000000000000000e+00
2.507151009366295757e-01 -9.680609165555315032e-01 0.000000000000000000e+00 -2.893805980682373047e+00 9.680609165555315032e-01 2.507151009366295757e-01 0.000000000000000000e+00 -1.768152952194213867e+00 0.000000000000000000e+00 0.000000000000000000e+00 1.000000000000000000e+00 0.000000000000000000e+00
3.203018538318722769e-02 -9.994869019773688912e-01 0.000000000000000000e+00 -2.469999790191650391e+00 9.994869019773688912e-01 3.203018538318722769e-02 0.000000000000000000e+00 -1.733688235282897949e+00 0.000000000000000000e+00 0.000000000000000000e+00 1.000000000000000000e+00 0.000000000000000000e+00
-1.334457456815985599e-01 -9.910561199848786362e-01 0.000000000000000000e+00 -2.028027534484863281e+00 9.910561199848786362e-01 -1.334457456815985599e-01 0.000000000000000000e+00 -1.714524865150451660e+00 0.000000000000000000e+00 0.000000000000000000e+00 1.000000000000000000e+00 0.000000000000000000e+00
-2.749990327201664586e-01 -9.614445028200914178e-01 0.000000000000000000e+00 -1.694498777389526367e+00 9.614445028200914178e-01 -2.749990327201664586e-01 0.000000000000000000e+00 -1.571911692619323730e+00 0.000000000000000000e+00 0.000000000000000000e+00 1.000000000000000000e+00 0.000000000000000000e+00
-4.361439621065346106e-01 -8.998769050920318868e-01 0.000000000000000000e+00 -1.491617798805236816e+00 8.998769050920318868e-01 -4.361439621065346106e-01 0.000000000000000000e+00 -1.359419822692871094e+00 0.000000000000000000e+00 0.000000000000000000e+00 1.000000000000000000e+00 0.000000000000000000e+00
-5.283488372764205687e-01 -8.490273883383588904e-01 0.000000000000000000e+00 -1.304866433143615723e+00 8.490273883383588904e-01 -5.283488372764205687e-01 0.000000000000000000e+00 -1.169045567512512207e+00 0.000000000000000000e+00 0.000000000000000000e+00 1.000000000000000000e+00 0.000000000000000000e+00
-7.008110070095612265e-01 -7.133469930225014854e-01 0.000000000000000000e+00 -1.012282729148864746e+00 7.133469930225014854e-01 -7.008110070095612265e-01 0.000000000000000000e+00 -8.504219055175781250e-01 0.000000000000000000e+00 0.000000000000000000e+00 1.000000000000000000e+00 0.000000000000000000e+00
-8.249433674879330658e-01 -5.652153929588870085e-01 0.000000000000000000e+00 -6.344937086105346680e-01 5.652153929588870085e-01 -8.249433674879330658e-01 0.000000000000000000e+00 -4.974190592765808105e-01 0.000000000000000000e+00 0.000000000000000000e+00 1.000000000000000000e+00 0.000000000000000000e+00
8.679403831028008609e-01 4.966683917659379666e-01 0.000000000000000000e+00 -4.601278305053710938e-01 -4.966683917659379666e-01 8.679403831028008609e-01 0.000000000000000000e+00 -2.013502269983291626e-01 0.000000000000000000e+00 0.000000000000000000e+00 1.000000000000000000e+00 0.000000000000000000e+00
9.116548534196144971e-01 4.109567230700347795e-01 0.000000000000000000e+00 -2.815872728824615479e-01 -4.109567230700347795e-01 9.116548534196144971e-01 0.000000000000000000e+00 2.887431085109710693e-01 0.000000000000000000e+00 0.000000000000000000e+00 1.000000000000000000e+00 0.000000000000000000e+00
9.327841556508684739e-01 3.604354574215699047e-01 0.000000000000000000e+00 -1.558152139186859131e-01 -3.604354574215699047e-01 9.327841556508684739e-01 0.000000000000000000e+00 6.653588414192199707e-01 0.000000000000000000e+00 0.000000000000000000e+00 1.000000000000000000e+00 0.000000000000000000e+00
9.915775840513192385e-01 1.295140718491581133e-01 0.000000000000000000e+00 9.593291208148002625e-03 -1.295140718491581133e-01 9.915775840513192385e-01 0.000000000000000000e+00 8.833999037742614746e-01 0.000000000000000000e+00 0.000000000000000000e+00 1.000000000000000000e+00 0.000000000000000000e+00
9.967482015635537040e-01 -8.057929436164887327e-02 0.000000000000000000e+00 -1.500674784183502197e-01 8.057929436164887327e-02 9.967482015635537040e-01 0.000000000000000000e+00 1.348618388175964355e+00 0.000000000000000000e+00 0.000000000000000000e+00 1.000000000000000000e+00 0.000000000000000000e+00
9.730101954446860324e-01 -2.307621276568011248e-01 0.000000000000000000e+00 -2.432344704866409302e-01 2.307621276568011248e-01 9.730101954446860324e-01 0.000000000000000000e+00 1.827957868576049805e+00 0.000000000000000000e+00 0.000000000000000000e+00 1.000000000000000000e+00 0.000000000000000000e+00
9.190580505388817878e-01 -3.941221888446147514e-01 0.000000000000000000e+00 -4.573235511779785156e-01 3.941221888446147514e-01 9.190580505388817878e-01 0.000000000000000000e+00 2.150638103485107422e+00 0.000000000000000000e+00 0.000000000000000000e+00 1.000000000000000000e+00 0.000000000000000000e+00
8.431519038649524234e-01 -5.376754290544678572e-01 0.000000000000000000e+00 -5.502077937126159668e-01 5.376754290544678572e-01 8.431519038649524234e-01 0.000000000000000000e+00 2.609499692916870117e+00 0.000000000000000000e+00 0.000000000000000000e+00 1.000000000000000000e+00 0.000000000000000000e+00
8.398245801681196721e-01 -5.428578769304555074e-01 0.000000000000000000e+00 -6.805405020713806152e-01 5.428578769304555074e-01 8.398245801681196721e-01 0.000000000000000000e+00 3.025684595108032227e+00 0.000000000000000000e+00 0.000000000000000000e+00 1.000000000000000000e+00 0.000000000000000000e+00
8.271116274535350588e-01 -5.620376817715736495e-01 0.000000000000000000e+00 -9.535286426544189453e-01 5.620376817715736495e-01 8.271116274535350588e-01 0.000000000000000000e+00 3.522962093353271484e+00 0.000000000000000000e+00 0.000000000000000000e+00 1.000000000000000000e+00 0.000000000000000000e+00
-8.371977267371191189e-01 5.469003257872498969e-01 0.000000000000000000e+00 -8.857607841491699219e-01 -5.469003257872498969e-01 -8.371977267371191189e-01 0.000000000000000000e+00 3.371819257736206055e+00 0.000000000000000000e+00 0.000000000000000000e+00 1.000000000000000000e+00 0.000000000000000000e+00
7.302282504410491093e-01 -6.832032656960916883e-01 0.000000000000000000e+00 -1.395584106445312500e+00 6.832032656960916883e-01 7.302282504410491093e-01 0.000000000000000000e+00 3.903360128402709961e+00 0.000000000000000000e+00 0.000000000000000000e+00 1.000000000000000000e+00 0.000000000000000000e+00
5.902816742426885144e-01 -8.071973395974794130e-01 0.000000000000000000e+00 -1.745428204536437988e+00 8.071973395974794130e-01 5.902816742426885144e-01 0.000000000000000000e+00 4.176444053649902344e+00 0.000000000000000000e+00 0.000000000000000000e+00 1.000000000000000000e+00 0.000000000000000000e+00
5.061809626604202306e-01 -8.624272914513838595e-01 0.000000000000000000e+00 -2.130545854568481445e+00 8.624272914513838595e-01 5.061809626604202306e-01 0.000000000000000000e+00 4.585198879241943359e+00 0.000000000000000000e+00 0.000000000000000000e+00 1.000000000000000000e+00 0.000000000000000000e+00
4.089083468250254150e-01 -9.125754565496624338e-01 0.000000000000000000e+00 -2.551299571990966797e+00 9.125754565496624338e-01 4.089083468250254150e-01 0.000000000000000000e+00 4.932160854339599609e+00 0.000000000000000000e+00 0.000000000000000000e+00 1.000000000000000000e+00 0.000000000000000000e+00
3.516861155289864316e-01 -9.361179819574733108e-01 0.000000000000000000e+00 -3.025450944900512695e+00 9.361179819574733108e-01 3.516861155289864316e-01 0.000000000000000000e+00 5.053998947143554688e+00 0.000000000000000000e+00 0.000000000000000000e+00 1.000000000000000000e+00 0.000000000000000000e+00
3.245616931283352713e-01 -9.458645290704521535e-01 0.000000000000000000e+00 -3.401034832000732422e+00 9.458645290704521535e-01 3.245616931283352713e-01 0.000000000000000000e+00 5.151318073272705078e+00 0.000000000000000000e+00 0.000000000000000000e+00 1.000000000000000000e+00 0.000000000000000000e+00
2.056072662398548134e-01 -9.786345855677559546e-01 0.000000000000000000e+00 -3.862375974655151367e+00 9.786345855677559546e-01 2.056072662398548134e-01 0.000000000000000000e+00 5.535820007324218750e+00 0.000000000000000000e+00 0.000000000000000000e+00 1.000000000000000000e+00 0.000000000000000000e+00
8.153296144516616883e-02 -9.966706457992936530e-01 0.000000000000000000e+00 -4.334925651550292969e+00 9.966706457992936530e-01 8.153296144516616883e-02 0.000000000000000000e+00 5.588109970092773438e+00 0.000000000000000000e+00 0.000000000000000000e+00 1.000000000000000000e+00 0.000000000000000000e+00
5.523683416418679465e-02 -9.984732806397565996e-01 0.000000000000000000e+00 -4.907496929168701172e+00 9.984732806397565996e-01 5.523683416418679465e-02 0.000000000000000000e+00 5.670786857604980469e+00 0.000000000000000000e+00 0.000000000000000000e+00 1.000000000000000000e+00 0.000000000000000000e+00
-2.748332820041981053e-02 -9.996222619925128061e-01 0.000000000000000000e+00 -5.343303203582763672e+00 9.996222619925128061e-01 -2.748332820041981053e-02 0.000000000000000000e+00 5.785503864288330078e+00 0.000000000000000000e+00 0.000000000000000000e+00 1.000000000000000000e+00 0.000000000000000000e+00
1.938353759172040201e-03 -9.999981213905875244e-01 0.000000000000000000e+00 -5.807828426361083984e+00 9.999981213905875244e-01 1.938353759172040201e-03 0.000000000000000000e+00 5.696867942810058594e+00 0.000000000000000000e+00 0.000000000000000000e+00 1.000000000000000000e+00 0.000000000000000000e+00
-1.950520392659051694e-01 -9.807928945390110842e-01 0.000000000000000000e+00 -6.271169185638427734e+00 9.807928945390110842e-01 -1.950520392659051694e-01 0.000000000000000000e+00 5.747720241546630859e+00 0.000000000000000000e+00 0.000000000000000000e+00 1.000000000000000000e+00 0.000000000000000000e+00
-2.460698808713594754e-01 -9.692520898754641845e-01 0.000000000000000000e+00 -6.553570270538330078e+00 9.692520898754641845e-01 -2.460698808713594754e-01 0.000000000000000000e+00 5.822626113891601562e+00 0.000000000000000000e+00 0.000000000000000000e+00 1.000000000000000000e+00 0.000000000000000000e+00
-3.515173574225365360e-01 -9.361813646033960712e-01 0.000000000000000000e+00 -6.904878139495849609e+00 9.361813646033960712e-01 -3.515173574225365360e-01 0.000000000000000000e+00 5.632853984832763672e+00 0.000000000000000000e+00 0.000000000000000000e+00 1.000000000000000000e+00 0.000000000000000000e+00
-4.433977215640207414e-01 -8.963249748343706802e-01 0.000000000000000000e+00 -7.446924686431884766e+00 8.963249748343706802e-01 -4.433977215640207414e-01 0.000000000000000000e+00 5.648427486419677734e+00 0.000000000000000000e+00 0.000000000000000000e+00 1.000000000000000000e+00 0.000000000000000000e+00
-5.538386046488218417e-01 -8.326240448129311744e-01 0.000000000000000000e+00 -7.972144603729248047e+00 8.326240448129311744e-01 -5.538386046488218417e-01 0.000000000000000000e+00 5.414590835571289062e+00 0.000000000000000000e+00 0.000000000000000000e+00 1.000000000000000000e+00 0.000000000000000000e+00
-6.266091370635438196e-01 -7.793336829295144375e-01 0.000000000000000000e+00 -8.242189407348632812e+00 7.793336829295144375e-01 -6.266091370635438196e-01 0.000000000000000000e+00 5.143480777740478516e+00 0.000000000000000000e+00 0.000000000000000000e+00 1.000000000000000000e+00 0.000000000000000000e+00
-8.871142989042447580e-01 -4.615498030328148427e-01 0.000000000000000000e+00 -8.642124176025390625e+00 4.615498030328148427e-01 -8.871142989042447580e-01 0.000000000000000000e+00 4.797253608703613281e+00 0.000000000000000000e+00 0.000000000000000000e+00 1.000000000000000000e+00 0.000000000000000000e+00
-9.315232569603436596e-01 -3.636817588799218237e-01 0.000000000000000000e+00 -8.844196319580078125e+00 3.636817588799218237e-01 -9.315232569603436596e-01 0.000000000000000000e+00 4.475280284881591797e+00 0.000000000000000000e+00 0.000000000000000000e+00 1.000000000000000000e+00 0.000000000000000000e+00
2.965319884886610247e-01 -9.550229210877404507e-01 0.000000000000000000e+00 -8.727661132812500000e+00 9.550229210877404507e-01 2.965319884886610247e-01 0.000000000000000000e+00 4.550873756408691406e+00 0.000000000000000000e+00 0.000000000000000000e+00 1.000000000000000000e+00 0.000000000000000000e+00
-9.948499185429465763e-01 1.013589639602362896e-01 0.000000000000000000e+00 -8.705181121826171875e+00 -1.013589639602362896e-01 -9.948499185429465763e-01 0.000000000000000000e+00 4.160002231597900391e+00 0.000000000000000000e+00 0.000000000000000000e+00 1.000000000000000000e+00 0.000000000000000000e+00
-9.082457206263088167e-01 4.184372246394876815e-01 0.000000000000000000e+00 -8.687746047973632812e+00 -4.184372246394876815e-01 -9.082457206263088167e-01 0.000000000000000000e+00 3.802110671997070312e+00 0.000000000000000000e+00 0.000000000000000000e+00 1.000000000000000000e+00 0.000000000000000000e+00
-7.365485333249238709e-01 6.763846967938464960e-01 0.000000000000000000e+00 -8.472279548645019531e+00 -6.763846967938464960e-01 -7.365485333249238709e-01 0.000000000000000000e+00 3.357824563980102539e+00 0.000000000000000000e+00 0.000000000000000000e+00 1.000000000000000000e+00 0.000000000000000000e+00
-4.318523733428656919e-01 9.019443040665726663e-01 0.000000000000000000e+00 -8.060859680175781250e+00 -9.019443040665726663e-01 -4.318523733428656919e-01 0.000000000000000000e+00 3.106967210769653320e+00 0.000000000000000000e+00 0.000000000000000000e+00 1.000000000000000000e+00 0.000000000000000000e+00
-1.473802791618766539e-01 9.890799023911907017e-01 0.000000000000000000e+00 -7.564311981201171875e+00 -9.890799023911907017e-01 -1.473802791618766539e-01 0.000000000000000000e+00 3.129809617996215820e+00 0.000000000000000000e+00 0.000000000000000000e+00 1.000000000000000000e+00 0.000000000000000000e+00
3.422374257945925979e-02 9.994141961388456341e-01 0.000000000000000000e+00 -6.931559562683105469e+00 -9.994141961388456341e-01 3.422374257945925979e-02 0.000000000000000000e+00 3.075964689254760742e+00 0.000000000000000000e+00 0.000000000000000000e+00 1.000000000000000000e+00 0.000000000000000000e+00
2.805243377572062546e-01 9.598469127553002078e-01 0.000000000000000000e+00 -6.407399177551269531e+00 -9.598469127553002078e-01 2.805243377572062546e-01 0.000000000000000000e+00 3.192948579788208008e+00 0.000000000000000000e+00 0.000000000000000000e+00 1.000000000000000000e+00 0.000000000000000000e+00
5.862416648025392529e-01 8.101362295623787402e-01 0.000000000000000000e+00 -6.212322235107421875e+00 -8.101362295623787402e-01 5.862416648025392529e-01 0.000000000000000000e+00 3.493706703186035156e+00 0.000000000000000000e+00 0.000000000000000000e+00 1.000000000000000000e+00 0.000000000000000000e+00
8.323209023914051041e-01 5.542940694634547194e-01 0.000000000000000000e+00 -5.983175277709960938e+00 -5.542940694634547194e-01 8.323209023914051041e-01 0.000000000000000000e+00 3.929503917694091797e+00 0.000000000000000000e+00 0.000000000000000000e+00 1.000000000000000000e+00 0.000000000000000000e+00
-9.776968461866484272e-01 -2.100211345476475644e-01 0.000000000000000000e+00 -5.740733623504638672e+00 2.100211345476475644e-01 -9.776968461866484272e-01 0.000000000000000000e+00 4.326017856597900391e+00 0.000000000000000000e+00 0.000000000000000000e+00 1.000000000000000000e+00 0.000000000000000000e+00
-9.991042319810614636e-01 4.231706083287598008e-02 0.000000000000000000e+00 -5.813365936279296875e+00 -4.231706083287598008e-02 -9.991042319810614636e-01 0.000000000000000000e+00 5.027853012084960938e+00 0.000000000000000000e+00 0.000000000000000000e+00 1.000000000000000000e+00 0.000000000000000000e+00
-9.201205912329144532e-01 3.916351587756033426e-01 0.000000000000000000e+00 -6.018002510070800781e+00 -3.916351587756033426e-01 -9.201205912329144532e-01 0.000000000000000000e+00 5.452788352966308594e+00 0.000000000000000000e+00 0.000000000000000000e+00 1.000000000000000000e+00 0.000000000000000000e+00
-7.683375567483168300e-01 6.400448413119405044e-01 0.000000000000000000e+00 -6.132444858551025391e+00 -6.400448413119405044e-01 -7.683375567483168300e-01 0.000000000000000000e+00 5.970382213592529297e+00 0.000000000000000000e+00 0.000000000000000000e+00 1.000000000000000000e+00 0.000000000000000000e+00
-5.505227842284826645e-01 8.348201387396686490e-01 0.000000000000000000e+00 -6.439355373382568359e+00 -8.348201387396686490e-01 -5.505227842284826645e-01 0.000000000000000000e+00 6.209288597106933594e+00 0.000000000000000000e+00 0.000000000000000000e+00 1.000000000000000000e+00 0.000000000000000000e+00
-1.854626641508229368e-01 9.826513116085884292e-01 0.000000000000000000e+00 -6.932546615600585938e+00 -9.826513116085884292e-01 -1.854626641508229368e-01 0.000000000000000000e+00 6.440423965454101562e+00 0.000000000000000000e+00 0.000000000000000000e+00 1.000000000000000000e+00 0.000000000000000000e+00
1.016094776136899497e-01 9.948243634225455434e-01 0.000000000000000000e+00 -7.305755615234375000e+00 -9.948243634225455434e-01 1.016094776136899497e-01 0.000000000000000000e+00 6.567021846771240234e+00 0.000000000000000000e+00 0.000000000000000000e+00 1.000000000000000000e+00 0.000000000000000000e+00
6.223747047427542478e-01 7.827194432849929884e-01 0.000000000000000000e+00 -7.721634864807128906e+00 -7.827194432849929884e-01 6.223747047427542478e-01 0.000000000000000000e+00 6.449467658996582031e+00 0.000000000000000000e+00 0.000000000000000000e+00 1.000000000000000000e+00 0.000000000000000000e+00
8.384605910670321904e-01 5.449622346800950812e-01 0.000000000000000000e+00 -8.072604179382324219e+00 -5.449622346800950812e-01 8.384605910670321904e-01 0.000000000000000000e+00 6.241332530975341797e+00 0.000000000000000000e+00 0.000000000000000000e+00 1.000000000000000000e+00 0.000000000000000000e+00
9.334661507099017985e-01 3.586655063967525425e-01 0.000000000000000000e+00 -8.185775756835937500e+00 -3.586655063967525425e-01 9.334661507099017985e-01 0.000000000000000000e+00 5.893656253814697266e+00 0.000000000000000000e+00 0.000000000000000000e+00 1.000000000000000000e+00 0.000000000000000000e+00
9.980140410645442772e-01 6.299185533081264055e-02 0.000000000000000000e+00 -8.180680274963378906e+00 -6.299185533081264055e-02 9.980140410645442772e-01 0.000000000000000000e+00 5.915482044219970703e+00 0.000000000000000000e+00 0.000000000000000000e+00 1.000000000000000000e+00 0.000000000000000000e+00
9.957043088373018769e-01 9.259011482243151292e-02 0.000000000000000000e+00 -8.227721214294433594e+00 -9.259011482243151292e-02 9.957043088373018769e-01 0.000000000000000000e+00 5.406217575073242188e+00 0.000000000000000000e+00 0.000000000000000000e+00 1.000000000000000000e+00 0.000000000000000000e+00
9.984496653092694851e-01 -5.566206826742804009e-02 0.000000000000000000e+00 -8.320544242858886719e+00 5.566206826742804009e-02 9.984496653092694851e-01 0.000000000000000000e+00 4.891258239746093750e+00 0.000000000000000000e+00 0.000000000000000000e+00 1.000000000000000000e+00 0.000000000000000000e+00
9.709196050992406901e-01 -2.394057652479038290e-01 0.000000000000000000e+00 -8.241477012634277344e+00 2.394057652479038290e-01 9.709196050992406901e-01 0.000000000000000000e+00 4.387342453002929688e+00 0.000000000000000000e+00 0.000000000000000000e+00 1.000000000000000000e+00 0.000000000000000000e+00
9.349452177058926727e-01 -3.547921079856216076e-01 0.000000000000000000e+00 -8.141083717346191406e+00 3.547921079856216076e-01 9.349452177058926727e-01 0.000000000000000000e+00 3.989964246749877930e+00 0.000000000000000000e+00 0.000000000000000000e+00 1.000000000000000000e+00 0.000000000000000000e+00
8.906240756667512803e-01 -4.547403169312623783e-01 0.000000000000000000e+00 -7.941318511962890625e+00 4.547403169312623783e-01 8.906240756667512803e-01 0.000000000000000000e+00 3.445468902587890625e+00 0.000000000000000000e+00 0.000000000000000000e+00 1.000000000000000000e+00 0.000000000000000000e+00
9.162698013675948383e-01 -4.005616695364003221e-01 0.000000000000000000e+00 -7.667881488800048828e+00 4.005616695364003221e-01 9.162698013675948383e-01 0.000000000000000000e+00 2.892318010330200195e+00 0.000000000000000000e+00 0.000000000000000000e+00 1.000000000000000000e+00 0.000000000000000000e+00
8.939069172987564871e-01 -4.482526332387061774e-01 0.000000000000000000e+00 -7.312776088714599609e+00 4.482526332387061774e-01 8.939069172987564871e-01 0.000000000000000000e+00 2.279978513717651367e+00 0.000000000000000000e+00 0.000000000000000000e+00 1.000000000000000000e+00 0.000000000000000000e+00
8.498258647628298412e-01 -5.270635631307750701e-01 0.000000000000000000e+00 -7.095666408538818359e+00 5.270635631307750701e-01 8.498258647628298412e-01 0.000000000000000000e+00 1.896723389625549316e+00 0.000000000000000000e+00 0.000000000000000000e+00 1.000000000000000000e+00 0.000000000000000000e+00
7.439748086940153327e-01 -6.682076653471609173e-01 0.000000000000000000e+00 -6.786498546600341797e+00 6.682076653471609173e-01 7.439748086940153327e-01 0.000000000000000000e+00 1.418775439262390137e+00 0.000000000000000000e+00 0.000000000000000000e+00 1.000000000000000000e+00 0.000000000000000000e+00
7.810189743246321870e-01 -6.245072951894953261e-01 0.000000000000000000e+00 -6.387588977813720703e+00 6.245072951894953261e-01 7.810189743246321870e-01 0.000000000000000000e+00 9.277730584144592285e-01 0.000000000000000000e+00 0.000000000000000000e+00 1.000000000000000000e+00 0.000000000000000000e+00
8.298812342964955180e-01 -5.579400836671668529e-01 0.000000000000000000e+00 -6.057246208190917969e+00 5.579400836671668529e-01 8.298812342964955180e-01 0.000000000000000000e+00 6.210525035858154297e-01 0.000000000000000000e+00 0.000000000000000000e+00 1.000000000000000000e+00 0.000000000000000000e+00
8.169541864180313029e-01 -5.767025726438650413e-01 0.000000000000000000e+00 -5.790076255798339844e+00 5.767025726438650413e-01 8.169541864180313029e-01 0.000000000000000000e+00 1.345063894987106323e-01 0.000000000000000000e+00 0.000000000000000000e+00 1.000000000000000000e+00 0.000000000000000000e+00
7.343922945189453877e-01 -6.787252446691508512e-01 0.000000000000000000e+00 -5.513781547546386719e+00 6.787252446691508512e-01 7.343922945189453877e-01 0.000000000000000000e+00 -1.887563019990921021e-01 0.000000000000000000e+00 0.000000000000000000e+00 1.000000000000000000e+00 0.000000000000000000e+00
6.778543937258117991e-01 -7.351961785174159214e-01 0.000000000000000000e+00 -5.101932525634765625e+00 7.351961785174159214e-01 6.778543937258117991e-01 0.000000000000000000e+00 -6.632630228996276855e-01 0.000000000000000000e+00 0.000000000000000000e+00 1.000000000000000000e+00 0.000000000000000000e+00
4.977787120430225976e-01 -8.673040723049728618e-01 0.000000000000000000e+00 -4.850687026977539062e+00 8.673040723049728618e-01 4.977787120430225976e-01 0.000000000000000000e+00 -1.180586099624633789e+00 0.000000000000000000e+00 0.000000000000000000e+00 1.000000000000000000e+00 0.000000000000000000e+00
5.438611041431126170e-01 -8.391752495159962022e-01 0.000000000000000000e+00 -4.366783618927001953e+00 8.391752495159962022e-01 5.438611041431126170e-01 0.000000000000000000e+00 -1.443955421447753906e+00 0.000000000000000000e+00 0.000000000000000000e+00 1.000000000000000000e+00 0.000000000000000000e+00
6.809301053531937598e-01 -7.323484086305427354e-01 0.000000000000000000e+00 -3.889897823333740234e+00 7.323484086305427354e-01 6.809301053531937598e-01 0.000000000000000000e+00 -1.718449473381042480e+00 0.000000000000000000e+00 0.000000000000000000e+00 1.000000000000000000e+00 0.000000000000000000e+00
5.978767868248617834e-01 -8.015880162377546636e-01 0.000000000000000000e+00 -3.363180398941040039e+00 8.015880162377546636e-01 5.978767868248617834e-01 0.000000000000000000e+00 -2.180382490158081055e+00 0.000000000000000000e+00 0.000000000000000000e+00 1.000000000000000000e+00 0.000000000000000000e+00
5.728988003790800310e-01 -8.196261126417404563e-01 0.000000000000000000e+00 -2.908969163894653320e+00 8.196261126417404563e-01 5.728988003790800310e-01 0.000000000000000000e+00 -2.284834623336791992e+00 0.000000000000000000e+00 0.000000000000000000e+00 1.000000000000000000e+00 0.000000000000000000e+00
4.647302742275813969e-01 -8.854522981032670881e-01 0.000000000000000000e+00 -2.941957235336303711e+00 8.854522981032670881e-01 4.647302742275813969e-01 0.000000000000000000e+00 -2.345498800277709961e+00 0.000000000000000000e+00 0.000000000000000000e+00 1.000000000000000000e+00 0.000000000000000000e+00
3.980588217191603495e-01 -9.173598936358368094e-01 0.000000000000000000e+00 -2.475279092788696289e+00 9.173598936358368094e-01 3.980588217191603495e-01 0.000000000000000000e+00 -2.476595878601074219e+00 0.000000000000000000e+00 0.000000000000000000e+00 1.000000000000000000e+00 0.000000000000000000e+00
2.806302914389056657e-01 -9.598159404421844343e-01 0.000000000000000000e+00 -2.060454368591308594e+00 9.598159404421844343e-01 2.806302914389056657e-01 0.000000000000000000e+00 -2.394194602966308594e+00 0.000000000000000000e+00 0.000000000000000000e+00 1.000000000000000000e+00 0.000000000000000000e+00
9.313389837426142015e-02 -9.956535928592900042e-01 0.000000000000000000e+00 -1.611520886421203613e+00 9.956535928592900042e-01 9.313389837426142015e-02 0.000000000000000000e+00 -2.331912755966186523e+00 0.000000000000000000e+00 0.000000000000000000e+00 1.000000000000000000e+00 0.000000000000000000e+00
-1.238446499476711510e-01 -9.923016188031433815e-01 0.000000000000000000e+00 -1.125075221061706543e+00 9.923016188031433815e-01 -1.238446499476711510e-01 0.000000000000000000e+00 -2.342621088027954102e+00 0.000000000000000000e+00 0.000000000000000000e+00 1.000000000000000000e+00 0.000000000000000000e+00
-2.811949843877206145e-01 -9.596506555800342619e-01 0.000000000000000000e+00 -8.567352890968322754e-01 9.596506555800342619e-01 -2.811949843877206145e-01 0.000000000000000000e+00 -2.101350307464599609e+00 0.000000000000000000e+00 0.000000000000000000e+00 1.000000000000000000e+00 0.000000000000000000e+00
-4.082314965979107479e-01 -9.128784394350816234e-01 0.000000000000000000e+00 -5.480920076370239258e-01 9.128784394350816234e-01 -4.082314965979107479e-01 0.000000000000000000e+00 -1.896745800971984863e+00 0.000000000000000000e+00 0.000000000000000000e+00 1.000000000000000000e+00 0.000000000000000000e+00
-5.704602154146461990e-01 -8.213252355973700292e-01 0.000000000000000000e+00 -2.680060565471649170e-01 8.213252355973700292e-01 -5.704602154146461990e-01 0.000000000000000000e+00 -1.777305364608764648e+00 0.000000000000000000e+00 0.000000000000000000e+00 1.000000000000000000e+00 0.000000000000000000e+00
-7.236107662634471138e-01 -6.902082721524184228e-01 0.000000000000000000e+00 2.128909155726432800e-02 6.902082721524184228e-01 -7.236107662634471138e-01 0.000000000000000000e+00 -1.435845851898193359e+00 0.000000000000000000e+00 0.000000000000000000e+00 1.000000000000000000e+00 0.000000000000000000e+00
-7.954119334195466351e-01 -6.060691843129616396e-01 0.000000000000000000e+00 2.720665633678436279e-01 6.060691843129616396e-01 -7.954119334195466351e-01 0.000000000000000000e+00 -1.194666147232055664e+00 0.000000000000000000e+00 0.000000000000000000e+00 1.000000000000000000e+00 0.000000000000000000e+00
8.670637418566219390e-01 4.981972175329698604e-01 0.000000000000000000e+00 5.145764946937561035e-01 -4.981972175329698604e-01 8.670637418566219390e-01 0.000000000000000000e+00 -7.910988330841064453e-01 0.000000000000000000e+00 0.000000000000000000e+00 1.000000000000000000e+00 0.000000000000000000e+00
9.045588388427651116e-01 4.263488091591536855e-01 0.000000000000000000e+00 6.413419246673583984e-01 -4.263488091591536855e-01 9.045588388427651116e-01 0.000000000000000000e+00 -4.092809259891510010e-01 0.000000000000000000e+00 0.000000000000000000e+00 1.000000000000000000e+00 0.000000000000000000e+00
9.290440971173611340e-01 3.699690062848336458e-01 0.000000000000000000e+00 7.995120286941528320e-01 -3.699690062848336458e-01 9.290440971173611340e-01 0.000000000000000000e+00 3.496683388948440552e-02 0.000000000000000000e+00 0.000000000000000000e+00 1.000000000000000000e+00 0.000000000000000000e+00
9.707469969791826525e-01 2.401047018612896822e-01 0.000000000000000000e+00 9.415739774703979492e-01 -2.401047018612896822e-01 9.707469969791826525e-01 0.000000000000000000e+00 6.010615229606628418e-01 0.000000000000000000e+00 0.000000000000000000e+00 1.000000000000000000e+00 0.000000000000000000e+00
9.999114926798662317e-01 -1.330439050546459653e-02 0.000000000000000000e+00 8.870787024497985840e-01 1.330439050546459653e-02 9.999114926798662317e-01 0.000000000000000000e+00 8.548025488853454590e-01 0.000000000000000000e+00 0.000000000000000000e+00 1.000000000000000000e+00 0.000000000000000000e+00
9.825934877326600869e-01 -1.857687752701372430e-01 0.000000000000000000e+00 7.937608957290649414e-01 1.857687752701372430e-01 9.825934877326600869e-01 0.000000000000000000e+00 1.220788478851318359e+00 0.000000000000000000e+00 0.000000000000000000e+00 1.000000000000000000e+00 0.000000000000000000e+00
9.226695336555066351e-01 -3.855916644118876913e-01 0.000000000000000000e+00 4.604835212230682373e-01 3.855916644118876913e-01 9.226695336555066351e-01 0.000000000000000000e+00 1.709787607192993164e+00 0.000000000000000000e+00 0.000000000000000000e+00 1.000000000000000000e+00 0.000000000000000000e+00
8.896336294809916723e-01 -4.566749448967805103e-01 0.000000000000000000e+00 2.241933047771453857e-01 4.566749448967805103e-01 8.896336294809916723e-01 0.000000000000000000e+00 2.257322072982788086e+00 0.000000000000000000e+00 0.000000000000000000e+00 1.000000000000000000e+00 0.000000000000000000e+00
8.354258898607428430e-01 -5.496031136651119420e-01 0.000000000000000000e+00 1.560228317975997925e-01 5.496031136651119420e-01 8.354258898607428430e-01 0.000000000000000000e+00 2.506925344467163086e+00 0.000000000000000000e+00 0.000000000000000000e+00 1.000000000000000000e+00 0.000000000000000000e+00
-7.628173157272918337e-01 6.466140601832047752e-01 0.000000000000000000e+00 -2.862815856933593750e-01 -6.466140601832047752e-01 -7.628173157272918337e-01 0.000000000000000000e+00 2.824728012084960938e+00 0.000000000000000000e+00 0.000000000000000000e+00 1.000000000000000000e+00 0.000000000000000000e+00
